3.13815 0.375853 -9.98537
3.13809 0.375875 -9.98537
-95.3674 -2.98023 0
0.634193 -0.220388 0
0
3.06562 0.469435 -9.99012
0.018785 2.83122e-06 -0.999824 0
-0.999824 0.000299603 -0.0187852 0
0.000299722 1 8.28505e-06 0
0.815607 -0.130519 -0.0034375
0.00267161 0.00669168 -0.901101
1
3.34811 0.485655 -9.98013
0.0618385 2.92063e-06 -0.998086 0
-0.998086 0.000299841 -0.0618384 0
0.000299007 1 2.15173e-05 0
0.835106 -0.380468 0.00097444
0.00145036 0.000200461 -0.874902
2
2.97474 0.484948 -10.0001
-0.365268 7.15256e-07 -0.930903 0
-0.930903 0.000299752 0.365268 0
0.000279456 1 -0.000109076 0
0.825227 -0.0520147 -0.00302482
-0.0103205 0.000823387 -0.850382
3
3.7013 0.606726 -9.96016
0.749468 1.91629e-05 -0.66204 0
-0.66204 0.000297889 -0.749468 0
0.000182897 1 0.000235915 0
0.959752 -0.714647 -0.00114067
0.0336344 0.0240198 -1.1307
4
3.59458 0.501929 -9.97013
0.0618127 2.44379e-06 -0.998088 0
-0.998088 0.000303239 -0.0618128 0
0.000302613 1 2.11e-05 0
0.845282 -0.601916 -0.00179362
-0.00888422 -0.138094 -1.17397
5
3.41612 0.393671 -10.0801
0.786914 -8.64267e-07 -0.617063 0
-0.617063 0.000304632 -0.786914 0
0.000188649 1 0.000239186 0
0.590971 -0.310543 0.00101078
-0.0267902 -0.0431543 -2.50939
6
3.45644 0.372067 -9.88009
0.953691 2.65241e-06 -0.300788 0
-0.300788 0.000299914 -0.953691 0
8.77231e-05 1 0.000286818 0
1.1064 -0.597089 0.00096029
0.00156598 0.00345875 2.16553
7
3.32432 0.142504 -10.075
0.991663 2.6077e-07 0.128857 0
0.128857 0.000304219 -0.991663 0
-3.94657e-05 1 0.000301648 0
0.122521 -0.0589951 -0.00576383
-0.0173008 -9.26537e-05 -1.10047
8
3.48034 0.119408 -9.83002
0.755911 2.44379e-06 0.654675 0
0.654675 0.000299945 -0.755911 0
-0.000198215 1 0.000225119 0
1.373 -0.787398 -0.000154493
0.0110043 0.00138139 -1.02286
9
2.98947 0.294713 -10.0701
0.982588 1.82539e-06 0.185797 0
0.185797 0.000301335 -0.982588 0
-5.78016e-05 1 0.000295746 0
0.422838 -0.110528 -0.00359208
0.00493486 0.00720504 -2.04266
10
2.89074 0.299498 -9.93007
0.954595 2.83122e-07 -0.297906 0
-0.297906 0.000298977 -0.954595 0
8.88109e-05 1 0.000285482 0
0.42375 0.0911226 -0.00371991
0.00442235 0.0105274 -2.0967
11
2.81593 0.0971709 -10.06
-0.125003 1.72853e-06 -0.992156 0
-0.992156 0.000300944 0.125003 0
0.000298768 1 -3.5882e-05 0
-0.0186968 -0.0995851 -0.00260216
0.00590433 0.00811769 -0.433422
12
2.60716 0.101264 -9.92001
-0.0878991 -1.16229e-06 -0.996129 0
-0.996129 0.000297606 0.0878991 0
0.000296354 1 -2.72393e-05 0
-0.038281 0.119529 -0.00145628
0.0228232 0.00900999 0.543024
13
2.56523 0.0646333 -10.05
0.00104922 1 1.67308e-06 0
-1 0.00104922 0.000301784 0
0.000301782 -1.98976e-06 1 0
-0.00201437 0.000823934 -0.000227148
0.00296041 0.00776704 0.0458579
14
2.39724 0.0625983 -9.91
0.593567 0.804784 -7.94236e-07 0
-0.804784 0.593567 0.00029253 0
0.000235895 -0.000172997 1 0
-0.0288349 0.000119639 0.000482649
-0.00292097 0.0232696 0.334045
15
3.39795 7.59031e-05 -10.07
0.164241 -0.98642 -1.16882e-05 0
0.98642 0.164241 0.000306135 0
-0.000300058 -6.18095e-05 1 0
-0.0188021 -0.0414124 -0.000705242
-0.00529341 -0.00880215 0.531865
16
3.62468 0.00262605 -9.77998
0.227213 -0.973845 2.89285e-06 0
0.973845 0.227213 0.000300229 0
-0.000293034 -6.53987e-05 1 0
1.27715 -0.82797 0.00284528
0.00584775 0.00514354 0.773982
1 -1 0
1000 100
-0.0768117
1 0 0
1000 100
0.0686988
1 -0.7 0
1000 100
1.6385
1 -1.5 0
1000 100
-3.04168
1 -0.9 0
1000 100
-1.46841
1 -0.7 0
1000 100
3.11373
1 -2.1 0
1000 100
1.24062
1 -1.5 0
1000 100
1.29324
1 1.7 0
1000 100
-1.60118
1 1.1 0
1000 100
-2.61689
1 -0.2 0
1000 100
-0.464238
1 -0.7 0
1000 100
0.207886
1 0 0
1000 100
0.0145332
1 -2 0
1000 100
0.10615
1 -1.1 0
100 10
-1.56657
1 -0.8 0
100 10
-1.64035
