13.2765 0.955473 -9.98892
13.2764 0.955512 -9.98892
0 -23.8419 0
1.13487 -0.394583 0
0
13.2802 0.990881 -9.99364
0.999481 0.000744309 0.0322044 0
0.0322045 -0.000195278 -0.999481 0
-0.000737637 1 -0.000219147 0
1.60564 -0.250162 -0.00357709
-0.00582668 0.00105835 0.589723
1
13.2692 1.27366 -9.98358
0.999346 0.000744333 0.0361584 0
0.0361585 -0.000195692 -0.999346 0
-0.000736773 1 -0.000222478 0
1.40514 -0.258402 -0.00211321
0.00163139 0.000245789 0.733563
2
13.2827 0.896918 -10.0037
0.999777 0.000740265 0.0211204 0
0.0211206 -0.000203651 -0.999777 0
-0.000735801 1 -0.000219241 0
1.64791 -0.248092 0.000219465
0.00201962 -0.0104083 0.360649
3
13.2549 1.67441 -9.96349
0.999399 0.000744259 0.0346705 0
0.0346707 -0.000200518 -0.999399 0
-0.000736862 1 -0.000226202 0
1.11067 -0.269126 0.0035747
0.00396138 -0.000687408 0.733298
4
13.2593 1.52046 -9.97353
0.999346 0.000744045 0.0361609 0
0.036161 -0.000197232 -0.999346 0
-0.000736428 1 -0.000224008 0
1.22383 -0.265389 0.00308951
-0.0328461 0.0007827 0.759681
5
13.2476 1.29477 -10.0836
0.992005 0.000744328 -0.126198 0
-0.126198 -0.000195787 -0.992005 0
-0.000763074 1 -0.00010029 0
1.30398 -0.262763 -0.00181132
0.000690697 0.00234999 0.0622759
6
13.2857 1.29528 -9.88359
0.985411 0.000744097 0.17019 0
0.17019 -0.000195838 -0.985411 0
-0.000699937 1 -0.00031962 0
1.42707 -0.239665 0.00268976
0.00250082 -0.0026217 1.03632
7
13.2218 1.00722 -10.0786
0.999405 0.000744278 -0.0344722 0
-0.0344721 -0.000195696 -0.999406 0
-0.000750579 1 -0.000169923 0
1.27527 -0.263538 -0.00189164
0.00161995 0.00335873 -0.298806
8
13.367 1.02102 -9.8337
0.894654 0.000743166 0.446758 0
0.446759 -0.000195831 -0.894655 0
-0.00057745 1 -0.000507232 0
1.74145 -0.140366 0.00235392
0.00274287 -0.00584332 1.32961
9
13.3748 0.687621 -10.0738
0.898023 0.000741929 0.439947 0
0.439947 -0.000203419 -0.898024 0
-0.000576779 1 -0.000509083 0
0.26109 -0.951931 0.00300305
-0.00259988 -0.00473817 -7.67982
10
13.2308 0.67278 -9.93367
0.963711 0.000740498 -0.266949 0
-0.266948 -0.000206256 -0.963711 0
-0.000768676 1 -1.10082e-06 0
1.53899 -0.217664 -0.00014109
-0.00652601 -0.00807499 -0.593814
11
13.4262 0.273807 -10.0639
0.974561 0.000741467 -0.22412 0
-0.22412 -0.000204129 -0.974562 0
-0.000768334 1 -3.27611e-05 0
-0.905415 -1.78984 0.00163547
0.00497036 -0.0174005 1.88754
12
13.0708 0.264016 -9.92364
0.886383 0.000738248 -0.462952 0
-0.462952 -0.000209704 -0.886383 0
-0.000751436 1 0.000155892 0
0.817244 0.12164 -0.00409947
-0.00880805 -0.00793297 -3.08744
13
13.4351 0.0264017 -10.054
0.999861 0.0166302 0.000739773 0
-0.01663 0.999862 -0.00020417 0
-0.000743066 0.00019184 1 0
-0.443036 -1.77734 0.000358516
0.00333651 -0.0178529 1.82498
14
13.022 0.0330831 -9.91365
0.995423 0.0955621 0.000740822 0
-0.095562 0.995423 -0.000213401 0
-0.000757825 0.00014163 1 0
0.106107 0.270467 -0.000701661
0.00246382 0.00033698 -3.12297
15
13.2112 0.812463 -10.0736
0.998841 0.0481188 0.000744271 0
-0.0481187 0.998842 -0.000195726 0
-0.000752827 0.000159686 1 0
1.20969 -0.260184 -0.00198692
0.000538682 0.00275869 -0.418928
16
13.4505 0.844696 -9.7838
0.902769 -0.430124 0.000743796 0
0.430124 0.90277 -0.000195531 0
-0.000587374 0.000496444 1 0
1.96969 -0.0326989 0.00215342
0.00383824 -0.000300369 1.21418
1 0 0
300 30
-0.00709736
1 0 0
300 30
0.00270563
1 0.3 0
100 30
0.659265
1 -0.3 0
100 30
-0.327337
1 0 0
100 30
0.398432
1 -0.4 0
100 30
-0.267363
0 0.2 0
300 30
7.97364
0 -0.1 0
300 30
0.900229
1 0.05 0
300 30
-9.5914
1 0.1 0
300 30
2.48301
1 -0.2 0
300 30
0.0794652
1 -0.2 0
300 30
0.0249181
1 0 0
600 60
-0.16506
1 0 0
600 60
-0.267751
1 0 0
5 3
0.0786177
1 0 0
5 3
0.156045
