26.9747 0.953667 -9.98563
26.9746 0.95371 -9.98563
381.47 -23.8419 0
1.25885 -0.422597 0
0
26.978 0.988509 -9.99035
0.999519 -0.000125867 0.0310124 0
0.0310124 -0.000224271 -0.999519 0
0.000132762 1 -0.00022026 0
1.73125 -0.271549 0.000389574
-0.0112689 0.000948519 0.539373
1
26.9675 1.27131 -9.98029
0.999421 -0.000125961 0.0340235 0
0.0340234 -0.000225593 -0.999421 0
0.000133563 1 -0.000221177 0
1.51321 -0.279525 0.000383967
-5.00723e-05 -0.00150089 0.793661
2
26.9804 0.894545 -10.0004
0.999779 -0.000127899 0.0210151 0
0.0210151 -0.000224089 -0.999779 0
0.000132577 1 -0.000221352 0
1.76907 -0.269961 0.000319788
0.00465537 -0.00270903 0.404627
3
26.9541 1.67209 -9.9602
0.999478 -0.000125671 0.0323016 0
0.0323015 -0.000225398 -0.999478 0
0.000132885 1 -0.000221221 0
1.20345 -0.290549 -0.0039724
0.00328834 -0.00145581 0.788088
4
26.9581 1.51813 -9.97023
0.999421 -0.00012603 0.0340235 0
0.0340235 -0.000225775 -0.999421 0
0.000133634 1 -0.000221356 0
1.32563 -0.287517 0.000344425
-0.00228265 -0.00273796 0.79225
5
26.9461 1.29246 -10.0803
0.99179 -0.000125825 -0.127881 0
-0.127881 -0.000225387 -0.99179 0
9.59709e-05 1 -0.000239627 0
1.41146 -0.283158 -0.00419775
-0.00120017 -0.00229678 0.0550967
6
26.9841 1.29292 -9.88028
0.985589 -0.000125997 0.169156 0
0.169156 -0.000225461 -0.985589 0
0.000162303 1 -0.0002009 0
1.53956 -0.26078 -0.00442735
0.000121487 0.000617183 1.07054
7
26.9198 1.00496 -10.0754
0.999345 -0.000125756 -0.0361861 0
-0.0361861 -0.000225251 -0.999345 0
0.000117522 1 -0.000229654 0
1.39619 -0.283533 -0.0039084
0.000390153 -0.00227182 -0.293569
8
27.0651 1.01858 -9.83033
0.894948 -0.000126123 0.44617 0
0.44617 -0.000225842 -0.894948 0
0.000213563 1 -0.00014586 0
1.85897 -0.156974 -7.12371e-05
0.00483284 -0.00233266 1.40737
9
27.0751 0.686574 -10.0704
0.891657 -0.000128955 0.452711 0
0.452711 -0.000222798 -0.891657 0
0.000215769 1 -0.000140302 0
0.350109 -1.02094 0.0018587
-0.00123844 -0.00202675 -7.96933
10
26.9261 0.671063 -9.93043
0.960371 -0.000128314 -0.278726 0
-0.278726 -0.000225034 -0.960371 0
6.05136e-05 1 -0.00025188 0
1.65086 -0.233809 -0.000877617
0.00354404 0.00234422 -0.658485
11
27.1351 0.272999 -10.0605
0.980264 -0.000128277 -0.197694 0
-0.197694 -0.000222164 -0.980264 0
8.18148e-05 1 -0.000243138 0
-0.934799 -1.88669 -0.00132771
-0.00383755 0.00200409 1.58182
12
26.7595 0.265111 -9.92054
0.876754 -0.000127718 -0.480939 0
-0.480939 -0.000226077 -0.876754 0
3.24845e-06 1 -0.000259642 0
0.891835 0.143073 0.00216213
0.00782191 0.00699633 -3.28992
13
27.1507 0.0259136 -10.0505
0.999948 -0.0102356 -0.000129359 0
0.0102356 0.999948 -0.000222014 0
0.000131624 0.000220679 1 0
-0.553294 -1.86646 0.000240282
-0.00559514 -0.00586015 1.51328
14
26.7059 0.0350683 -9.9106
0.992978 0.118301 -0.000128146 0
-0.118301 0.992978 -0.000228474 0
0.000100217 0.000242029 1 0
0.126661 0.303573 0.000612428
0.0175905 0.00376487 -3.53423
15
26.9089 0.810216 -10.0704
0.998772 0.0495439 -0.000125917 0
-0.0495439 0.998772 -0.000225282 0
0.000114601 0.000231244 1 0
1.33559 -0.28037 -0.00392814
-7.10987e-05 -0.00234956 -0.347861
16
27.1485 0.842217 -9.78036
0.902894 -0.429864 -0.000125996 0
0.429864 0.902894 -0.000225796 0
0.000210823 0.000149708 1 0
2.09227 -0.0422915 -0.000742706
0.00395668 0.00148295 1.30689
1 0 0
300 30
0.0653673
1 0 0
300 30
-0.00247478
1 0.3 0
100 30
0.719056
1 -0.3 0
100 30
-0.279365
1 0 0
100 30
0.322911
1 -0.4 0
100 30
-0.272865
0 0.2 0
300 30
8.30633
0 -0.1 0
300 30
1.00089
1 0.05 0
300 30
-9.54467
1 0.1 0
300 30
2.59413
1 -0.2 0
300 30
0.0536562
1 -0.2 0
300 30
0.246396
1 0 0
600 60
-0.214428
1 0 0
600 60
-0.254916
1 0 0
5 3
0.0920987
1 0 0
5 3
0.0820339
