2.78881 0.862421 -9.98545
2.7888 0.862432 -9.98545
23.8419 -17.8814 -95.3674
0.0965595 -0.114143 0.00476837
0
2.8216 0.887445 -9.99019
0.939852 0.000394821 0.341582 0
0.341582 0.000129681 -0.939852 0
-0.000415385 1 -1.29845e-05 0
0.246708 -0.0797761 -0.00386595
0.0123322 0.00555834 0.782627
1
2.7257 1.1537 -9.98019
0.942504 0.000393778 0.334193 0
0.334193 0.000129897 -0.942505 0
-0.000414565 1 -9.17166e-06 0
-0.0445212 -0.186778 -0.0012964
0.0118728 -0.00686383 1.17512
2
2.84966 0.79784 -10.0002
0.967808 0.000396788 0.25169 0
0.25169 0.000131577 -0.967808 0
-0.000417143 1 2.74722e-05 0
0.298948 -0.0609084 -0.00411801
-0.00456554 0.00252409 0.378327
3
2.59182 1.53169 -9.96019
0.942829 0.000396788 0.333277 0
0.333277 0.000125203 -0.942829 0
-0.000415862 1 -1.41989e-05 0
-0.501703 -0.348268 0.0047586
0.000822746 -0.000137863 1.26836
4
2.64221 1.38617 -9.97019
0.942505 0.00039421 0.334193 0
0.334193 0.00013046 -0.942505 0
-0.000415161 1 -8.78423e-06 0
-0.318082 -0.284788 0.000572182
-0.00138385 -0.00786585 1.17895
5
2.72993 1.17691 -10.0802
0.907736 0.000394464 0.419541 0
0.419541 0.000130963 -0.907736 0
-0.000413075 1 -4.66257e-05 0
-0.313309 -0.243198 -0.000271833
-0.00587756 0.00293734 -1.05341
6
2.73004 1.17694 -9.8802
0.907624 0.00041382 0.419784 0
0.419784 0.000129949 -0.907624 0
-0.000430167 1 -5.5775e-05 0
0.0815642 -0.158027 0.00109422
-0.0417082 0.160529 2.65613
7
2.85125 0.914604 -10.0752
0.90746 0.000395 0.420139 0
0.420139 0.000130523 -0.90746 0
-0.000413299 1 -4.75124e-05 0
0.355476 0.137823 0.000857317
0.0151359 -0.0394933 8.74336
8
2.85137 0.914636 -9.83021
0.90767 0.000385627 0.419684 0
0.419684 0.000111736 -0.90767 0
-0.000396922 1 -6.04205e-05 0
-0.160101 -0.342956 0.00235206
0.123518 -0.328053 -7.19364
9
2.79152 0.578293 -10.0701
0.94486 0.000397444 -0.327475 0
-0.327475 0.000130875 -0.94486 0
-0.000332668 1 0.000253811 0
0.313623 -0.0581501 -0.00174113
-0.00755567 -0.00715287 0.0176507
10
2.99771 0.624495 -9.93023
0.7284 0.000397176 0.685152 0
0.685152 0.000130191 -0.7284 0
-0.000378519 1 -0.000177294 0
0.298796 -0.0663474 -0.00186089
-0.013072 -0.0101767 -0.0575955
11
2.55756 0.219648 -10.06
0.67107 0.000398248 -0.741394 0
-0.741394 0.000130236 -0.67107 0
-0.000170648 1 0.000382617 0
0.204072 0.0651318 -0.00129345
-0.00691356 -0.00793237 -0.779653
12
3.02377 0.285262 -9.9202
0.80022 0.000397742 -0.599707 0
-0.599707 0.000129394 -0.80022 0
-0.000240654 1 0.000342056 0
0.184692 0.00266385 0.00530354
-0.00741309 -0.0161686 -0.61224
13
2.44253 0.0374794 -10.0499
0.989949 0.141423 0.00039817 0
-0.141423 0.989949 0.000130369 0
-0.000375731 -0.00018537 1 0
0.0498403 0.123346 -0.00371067
-0.0233219 -0.0255887 -1.28529
14
2.93304 0.0571723 -9.91013
0.920555 0.390613 0.000395811 0
-0.390613 0.920555 0.000122175 0
-0.000316642 -0.000267078 1 0
0.0411049 0.0524252 -0.000124532
0.0156645 -0.0174467 -0.715766
15
2.95285 0.754889 -10.0702
0.610357 -0.792126 0.000394164 0
0.792126 0.610357 0.000129367 0
-0.000343055 0.000233267 1 0
0.348107 -0.745282 0.00304532
-0.00935363 -0.032241 -29.3837
16
2.95299 0.754968 -9.78024
0.609112 -0.793084 0.000411541 0
0.793084 0.609112 0.000113182 0
-0.000340437 0.000257446 1 0
0.0864157 0.696396 0.0186313
0.0444693 -0.0467448 31.0791
1 0 0
300 30
-0.113722
1 0 0
300 30
0.0182115
1 0 0
100 30
-1.49164
1 0 0
100 30
2.2489
1 0 0
300 30
9.82669
1 0 0
300 30
-9.95134
1 0.2 0
300 30
0.342375
1 -0.1 0
300 30
0.419683
1 0.3 0
300 30
0.812914
1 1.3 0
300 30
0.561415
1 -0.7 0
300 30
0.534992
1 -0 0
300 30
0.106609
1 0 0
600 60
-0.430482
1 -0.1 0
600 60
-0.377776
1 0 0
300 30
-38.1015
1 0 0
300 30
38.3054
