1.18421 0.812616 -9.98536
1.18417 0.812608 -9.98536
47.6837 0 0
0.417233 0.0876188 0
0
1.24278 0.953974 -9.99008
-0.858471 -6.71744e-05 -0.512863 0
-0.512863 -3.9041e-05 0.858471 0
-7.76052e-05 1 -1.13249e-06 0
0.39132 -0.00938547 -0.000475622
-4.97849e-05 0.00151044 -0.573449
1
1.31841 0.683634 -9.98008
-0.978469 -6.70478e-05 -0.206396 0
-0.206396 -3.91603e-05 0.978469 0
-7.36564e-05 1 2.42591e-05 0
0.258526 -0.0480545 -0.00033844
-0.000484122 -0.000267117 -0.472152
2
1.18432 1.02627 -10.0001
-0.671785 -6.73831e-05 -0.740747 0
-0.740747 -3.86834e-05 0.671785 0
-7.388e-05 1 -2.40803e-05 0
0.439079 0.0315199 -0.000647964
-3.85213e-05 -0.00152489 -0.787865
3
1.39937 0.290899 -9.96009
-0.9811 -6.70776e-05 -0.1935 0
-0.1935 -3.99351e-05 0.9811 0
-7.35298e-05 1 2.61664e-05 0
0.0868012 -0.083303 -0.000398302
0.00049938 0.00018134 -0.368685
4
1.37037 0.442158 -9.97009
-0.978469 -6.70627e-05 -0.206396 0
-0.206396 -3.9041e-05 0.978469 0
-7.36564e-05 1 2.41995e-05 0
0.144579 -0.0724353 -0.0003508
-0.00440947 -0.000108138 -0.469011
5
1.28934 0.424843 -10.0801
0.892398 -6.66827e-05 -0.451249 0
-0.451249 -3.93875e-05 -0.892398 0
4.17233e-05 1 -6.52336e-05 0
0.137699 -0.0348487 0.000321786
0.00286465 0.0222633 -0.465531
6
1.28932 0.424836 -9.88009
0.892392 -6.70999e-05 -0.451261 0
-0.451261 -3.82885e-05 -0.892392 0
4.2662e-05 1 -6.44587e-05 0
0.1375 -0.0345939 -0.000403334
0.00954011 0.0146534 -0.462335
7
1.21859 0.154689 -10.0751
0.998009 -6.44289e-05 0.063074 0
0.063074 -4.0456e-05 -0.998009 0
6.68429e-05 1 -3.63119e-05 0
0.034958 -0.000717774 0.0026659
-0.00711899 -0.0318035 -0.263151
8
1.21853 0.154679 -9.83011
0.998031 -6.69993e-05 0.062718 0
0.062718 -3.75292e-05 -0.998031 0
6.92196e-05 1 -3.32532e-05 0
0.0360793 -0.000917148 -0.000726073
0.000537529 -0.00598302 -0.26798
9
1.11293 1.24184 -10.0701
-0.970168 -6.74799e-05 -0.242433 0
-0.242433 -3.85642e-05 0.970168 0
-7.48038e-05 1 2.09808e-05 0
0.918605 0.168561 -0.000498314
0.000830768 2.02862e-06 -2.35717
10
1.03605 0.885758 -9.93009
0.771441 -6.72936e-05 -0.636301 0
-0.636301 -3.86089e-05 -0.771441 0
2.73585e-05 1 -7.26059e-05 0
0.269205 0.19586 -0.00141445
0.00262982 -0.000329912 -1.16081
11
1.01048 1.67079 -10.0601
-0.97513 -6.74501e-05 -0.221633 0
-0.221633 -3.86238e-05 0.97513 0
-7.43121e-05 1 2.25306e-05 0
1.91808 0.406999 -0.000245975
0.00023859 0.00092122 -2.30139
12
0.753891 0.546822 -9.92012
0.765471 -6.73532e-05 -0.64347 0
-0.64347 -3.84971e-05 -0.765471 0
2.67923e-05 1 -7.2822e-05 0
-0.136134 0.533268 -0.00227365
0.00225996 -0.000151402 -1.23341
13
0.894005 1.90516 -10.0501
-0.979541 0.201245 -6.76107e-05 0
-0.201245 -0.979541 -3.84824e-05 0
-7.39718e-05 -2.40888e-05 1 0
2.45669 0.661449 -0.000147709
0.000295227 -0.000139201 -2.08852
14
0.614605 0.30258 -9.91014
0.460882 0.887461 -6.73899e-05 0
-0.887461 0.460882 -3.84715e-05 0
-3.08313e-06 7.75367e-05 1 0
-0.443944 0.703699 -0.00286534
0.00300492 0.000170092 -1.33596
15
1.28404 0.0218128 -10.0701
-0.00177634 -0.999999 -5.7571e-05 0
0.999999 -0.00177634 -3.86649e-05 0
3.85626e-05 -5.76395e-05 1 0
-0.000447982 -0.00102452 0.000114653
-0.0311036 -0.0102667 0.00476456
16
1.28393 0.0218036 -9.78011
-0.00185108 -0.999998 -6.50192e-05 0
0.999998 -0.00185108 -3.57295e-05 0
3.56091e-05 -6.50852e-05 1 0
-0.000359871 -0.00101639 0.000156548
-0.00541559 1.24909e-05 -0.00364262
1 0 0
300 30
-0.0983956
1 0 0
300 30
-0.00192314
1 -2.5 0
500 30
-0.00337744
1 -2.5 0
500 30
-0.0122199
1 -0.5 0
300 30
-0.207107
1 -0.5 0
300 30
-0.196228
1 1.6 0
300 200
1.58001
1 -1.6 0
300 30
0.384273
1 0 0
300 30
-0.0541487
1 0 0
300 30
0.0716499
1 0 0
300 30
-0.220938
1 0.4 0
300 30
0.093894
1 0.3 0
300 30
-0.108504
1 0.3 0
300 30
-0.197682
1 -1.5 0
300 30
-0.275053
1 -1.5 0
300 30
-0.279171
