1.3506 0.830239 -9.9854
1.35055 0.83024 -9.9854
23.8419 -29.8023 0
0.584126 -0.00566244 0
0
1.38854 0.925842 -9.99012
-0.995886 -7.7568e-05 -0.090618 0
-0.090618 1.49608e-05 0.995886 0
-7.58916e-05 1 -2.19345e-05 0
0.53775 -0.0821535 -0.000829472
0.000305911 0.000657627 -1.36589
1
1.39886 0.643124 -9.98011
-0.999807 -7.75782e-05 -0.0196454 0
-0.0196454 1.50204e-05 0.999807 0
-7.72681e-05 1 -1.66297e-05 0
0.295204 -0.092876 -0.000278948
-0.000508881 -0.00026165 -0.739774
2
1.37605 1.01891 -10.0001
-0.983876 -7.76052e-05 -0.178854 0
-0.178854 1.5974e-05 0.983876 0
-7.34702e-05 1 -2.99215e-05 0
0.699133 -0.0586672 -0.00145976
-0.00477735 2.64179e-05 -2.13944
3
1.40644 0.242196 -9.96011
-0.999846 -7.75279e-05 -0.017545 0
-0.017545 1.4782e-05 0.999846 0
-7.72579e-05 1 -1.60933e-05 0
-0.000812124 -0.0983382 -0.0005771
0.00265619 -0.0003231 -0.732303
4
1.40471 0.396192 -9.97011
-0.999807 -7.76658e-05 -0.0196453 0
-0.0196453 1.45435e-05 0.999807 0
-7.73631e-05 1 -1.63317e-05 0
0.112041 -0.0970607 -0.000175301
0.00397784 -0.000975256 -0.741984
5
1.31464 0.40044 -10.0801
0.744992 -7.70688e-05 -0.667073 0
-0.667073 1.24425e-05 -0.744992 0
6.57737e-05 1 -4.21554e-05 0
0.141652 -0.0545945 0.000294181
-0.0108574 -0.00114813 -0.464343
6
1.31465 0.400423 -9.88012
0.745145 -7.7188e-05 -0.666902 0
-0.666902 1.51992e-05 -0.745146 0
6.77705e-05 1 -4.01884e-05 0
0.142691 -0.0545853 -0.00353085
-0.00535745 0.00082511 -0.460444
7
1.21098 0.156153 -10.0751
0.994865 -7.63759e-05 0.101211 0
0.101211 1.17887e-05 -0.994865 0
7.47815e-05 1 1.94577e-05 0
0.0481162 -0.00471174 -0.00398361
0.00629582 0.00972449 -0.290815
8
1.21091 0.1561 -9.83012
0.994957 -7.73892e-05 0.100302 0
0.100302 1.60506e-05 -0.994957 0
7.53775e-05 1 2.37315e-05 0
0.0480961 -0.00414523 -0.0015817
-0.0148035 0.0081168 -0.305361
9
1.48571 1.21434 -10.0701
-0.822173 -7.7635e-05 0.569237 0
0.569237 1.59144e-05 0.822173 0
-7.29263e-05 1 3.1054e-05 0
1.11736 -0.293013 0.001557
-0.00475102 0.00108186 -2.1405
10
1.16876 1.0203 -9.93014
0.113699 -7.77245e-05 -0.993515 0
-0.993515 1.59442e-05 -0.113699 0
2.46167e-05 1 -7.53701e-05 0
0.69725 0.421355 -0.00112678
-0.00548257 0.000540692 -2.31859
11
1.80865 1.49447 -10.0601
-0.435611 -7.76947e-05 0.900135 0
0.900135 1.5974e-05 0.435611 0
-4.82202e-05 1 6.29425e-05 0
1.7288 -1.00883 0.00410928
-0.00664626 0.00118476 -2.2672
12
0.741092 1.0677 -9.92017
-0.339486 -7.77245e-05 -0.940611 0
-0.940611 1.5676e-05 0.339486 0
-1.15633e-05 1 -7.85589e-05 0
0.818428 1.44458 -0.000698774
0.00169663 0.000543127 -2.47501
13
2.02254 1.66176 -10.0501
-0.250862 -0.968023 -7.76227e-05 0
0.968023 -0.250862 1.6121e-05 0
-3.50781e-05 -7.10964e-05 1 0
2.11109 -1.49367 0.00288143
-0.00597326 0.00110788 -2.29273
14
0.471637 1.10413 -9.91019
-0.523073 0.852288 -7.76952e-05 0
-0.852288 -0.523073 1.59818e-05 0
-2.70192e-05 7.45783e-05 1 0
0.910284 2.11003 0.00444992
-0.00112846 0.00211812 -2.43399
15
1.28115 0.0296057 -10.0701
-0.101221 -0.994864 -7.71804e-05 0
0.994864 -0.101221 1.08424e-05 0
-1.8599e-05 -7.56865e-05 1 0
0.0115584 -0.0315637 -0.000188999
-0.00873661 -0.00507305 -0.390285
16
1.28096 0.0294889 -9.78011
-0.100303 -0.994957 -7.82859e-05 0
0.994957 -0.100303 1.9298e-05 0
-2.7053e-05 -7.59555e-05 1 0
0.00981804 -0.0281498 -0.000855555
-0.0156067 0.00779723 -0.331095
1 0 0
300 30
-0.000223696
1 0 0
300 30
-0.0017671
1 -2.5 0
300 30
-0.256064
1 -2.5 0
300 30
-0.27752
1 -0.8 0
300 30
-0.216246
1 -0.8 0
300 30
-0.155145
1 2.3 0
300 200
0.000503302
1 -1.4 0
300 30
0.180104
1 0.5 0
300 30
0.127121
1 0.5 0
300 30
0.155263
1 0.2 0
300 30
0.0296583
1 0.2 0
300 30
-0.0387318
1 -0.2 0
300 100
-0.624409
1 -0.2 0
300 100
-0.776161
1 -1.7 0
300 30
0.19049
1 -1.7 0
300 30
0.053654
