1.1345 1.71591 -9.98529
1.1345 1.71591 -9.98529
-23.8419 0 0
0.00119209 -0.00238419 0
0
1.12995 1.76104 -9.99002
0.998341 -2.87704e-05 -0.0575709 0
-0.0575709 -3.71204e-05 -0.998342 0
2.65911e-05 1 -3.87154e-05 0
0.0112511 -0.000189448 0.00383107
0.00240961 0.00179902 -0.029574
1
1.14565 2.0436 -9.98
0.998239 -2.88803e-05 -0.0593204 0
-0.0593204 -3.72268e-05 -0.998239 0
2.66284e-05 1 -3.88746e-05 0
0.0224384 -0.000920102 -0.000343011
0.000128259 0.000379431 -0.0441208
2
1.12491 1.66717 -10
0.998789 -2.8817e-05 -0.0492082 0
-0.0492082 -3.61148e-05 -0.998789 0
2.70065e-05 1 -3.74891e-05 0
0.0096338 -0.000204142 0.00292243
0.000496167 0.000697824 -0.00529424
3
1.16947 2.44389 -9.95999
0.998225 -2.89083e-05 -0.0595572 0
-0.0595572 -3.71811e-05 -0.998225 0
2.66433e-05 1 -3.88368e-05 0
0.040116 -0.00260417 -0.000586348
-0.00154985 0.000244324 -0.0440547
4
1.1593 2.29022 -9.96999
0.998239 -2.88915e-05 -0.0593203 0
-0.0593203 -3.72241e-05 -0.998239 0
2.6634e-05 1 -3.88725e-05 0
0.0339245 -0.001871 -0.000340807
-5.10406e-05 0.000191951 -0.0450074
5
1.14692 2.06356 -10.08
0.99828 -2.88729e-05 -0.0586219 0
-0.0586219 -3.69897e-05 -0.99828 0
2.66526e-05 1 -3.86187e-05 0
0.0231783 -0.00137164 -0.00036942
0.000321297 0.000270353 -0.0453525
6
1.14692 2.06356 -9.88
0.99828 -2.88803e-05 -0.0586216 0
-0.0586216 -3.71607e-05 -0.99828 0
2.66545e-05 1 -3.87899e-05 0
0.0233349 -0.00125722 -0.000385651
0.000555368 0.000400271 -0.0445002
7
1.13 1.77506 -10.075
0.998289 -2.88375e-05 -0.0584711 0
-0.0584711 -3.71012e-05 -0.998289 0
2.66191e-05 1 -3.87239e-05 0
0.0103562 0.000282885 -0.000402773
-0.000207906 0.000480238 -0.0429503
8
1.12999 1.77505 -9.83001
0.998289 -2.89027e-05 -0.0584709 0
-0.0584709 -3.70917e-05 -0.998289 0
2.66898e-05 1 -3.87185e-05 0
0.0102408 -0.000640441 -0.00048135
2.03799e-05 0.000204663 -0.0468307
9
1.13042 1.43631 -10.07
0.999719 -2.87918e-05 0.023687 0
0.023687 -3.59085e-05 -0.99972 0
2.963e-05 1 -3.52165e-05 0
-0.0968719 -0.00419598 0.00142455
0.000183852 0.00182858 -0.517757
10
1.11717 1.43629 -9.93003
0.99915 -2.88785e-05 -0.0412167 0
-0.0412167 -3.70542e-05 -0.99915 0
2.73306e-05 1 -3.8213e-05 0
0.00566135 -0.00035458 0.00327827
-0.00184618 0.00122338 -0.0226588
11
1.11549 0.996096 -10.06
0.995546 -2.85283e-05 -0.0942798 0
-0.0942798 -3.5872e-05 -0.995546 0
2.50302e-05 1 -3.84024e-05 0
-0.0708146 -0.0178872 0.00106254
0.00119431 0.00438764 0.66769
12
1.099 0.99567 -9.92004
0.99915 -2.88393e-05 -0.0412145 0
-0.0412145 -3.68312e-05 -0.99915 0
2.72971e-05 1 -3.79885e-05 0
0.000550098 0.000448712 -0.00114039
-0.000888912 0.00558404 0.000897288
13
1.15538 0.74492 -10.0501
0.999972 -0.00752741 -2.87234e-05 0
0.00752741 0.999972 -3.58264e-05 0
2.89923e-05 3.56092e-05 1 0
0.0930103 -0.00868322 -0.00398051
0.00085157 0.00274537 0.39681
14
1.15127 0.742995 -9.91005
1 -2.89082e-06 -2.6699e-05 0
2.89001e-06 1 -3.01825e-05 0
2.66991e-05 3.01824e-05 1 0
-2.24664e-05 0.000240323 -0.000744256
-0.0568314 0.00630114 -0.0102758
15
1.11561 1.58057 -10.07
0.998295 0.0583635 -2.88334e-05 0
-0.0583635 0.998295 -3.71732e-05 0
2.66147e-05 3.87927e-05 1 0
0.00195504 0.00199103 -0.000369622
-6.60204e-05 0.000461395 -0.053269
16
1.1156 1.58056 -9.78002
0.998295 0.0583625 -2.88692e-05 0
-0.0583625 0.998295 -3.71826e-05 0
2.66499e-05 3.88041e-05 1 0
0.00173271 -3.01637e-05 -0.000500115
0.000202168 0.000337071 -0.0469946
1 0 0
1000 100
0.00463204
1 0 0
1000 100
-0.00233037
1 -8.19564e-08 0
1000 100
0.000161491
1 -8.19564e-08 0
1000 100
0.00290328
1 0 0
1000 100
0.00400191
1 0 0
1000 100
-7.89985e-05
1 -0.0229865 0
1000 100
0.514987
1 -4.42863e-05 0
1000 100
0.00741627
1 5.31673e-05 0
1000 100
-1.18614
1 6.00815e-05 0
1000 100
0.00329816
1 -0.0760067 0
1000 100
0.260945
1 0 0
1000 100
-0.0280624
1 0 0
600 60
0.013551
1 0 0
600 10
0.026763
1 0 0
100 10
-0.00791254
1 0 0
100 10
-0.00609368
