7.29405 1.01075 -9.98537
7.29386 1.01072 -9.98537
-47.6837 23.8419 0
1.95265 0.293255 0
0
7.22507 1.01229 -9.9901
0.989005 1.96621e-05 -0.147881 0
-0.147881 -9.08226e-05 -0.989005 0
-3.28645e-05 1 -8.69171e-05 0
2.15287 0.168147 -0.000793402
-0.000139256 0.00113038 0.123824
1
7.27941 1.28996 -9.98007
0.978466 1.97142e-05 -0.206407 0
-0.206407 -9.09157e-05 -0.978466 0
-3.80054e-05 1 -8.48938e-05 0
2.09527 0.179848 0.000134133
4.54648e-06 -0.000811315 0.236719
2
7.21419 0.918979 -10.0001
0.996728 1.89915e-05 -0.0808257 0
-0.0808257 -9.05858e-05 -0.996728 0
-2.62447e-05 1 -8.87548e-05 0
2.15317 0.167694 -0.000710857
-0.00104856 -0.00460759 -0.0844496
3
7.36268 1.68222 -9.96004
0.977694 1.96174e-05 -0.210032 0
-0.210032 -9.13246e-05 -0.977695 0
-3.83481e-05 1 -8.51694e-05 0
2.00645 0.198352 0.0010569
0.00443509 -0.00183571 0.191532
4
7.32941 1.53185 -9.97005
0.978466 1.95503e-05 -0.206407 0
-0.206407 -9.15648e-05 -0.978466 0
-3.80054e-05 1 -8.55606e-05 0
2.03809 0.192048 0.000331007
0.00412155 -0.00250876 0.234792
5
7.27766 1.31097 -10.0801
0.967626 1.98185e-05 -0.252388 0
-0.252388 -9.08151e-05 -0.967626 0
-4.20809e-05 1 -8.28765e-05 0
2.05497 0.187747 0.00013796
-3.40346e-05 -0.00154268 -0.011862
6
7.28534 1.30914 -9.88007
0.981341 1.94833e-05 -0.192275 0
-0.192275 -9.09157e-05 -0.981341 0
-3.65824e-05 1 -8.54749e-05 0
2.11603 0.175867 0.000384277
0.000428901 -0.00694986 0.440465
7
7.3486 1.12567 -10.0751
0.154377 1.97291e-05 0.988012 0
0.988012 -9.10461e-05 -0.154377 0
8.67248e-05 1 -3.37064e-05 0
2.05335 0.191075 0.000225406
0.00107056 -0.00131756 0.0197752
8
7.36757 1.12849 -9.83009
0.0937549 1.92523e-05 0.995595 0
0.995595 -9.05991e-05 -0.0937551 0
8.82149e-05 1 -2.78354e-05 0
2.19606 0.218567 0.00187161
-0.00709492 -0.00946202 0.487374
9
7.40576 0.828193 -10.0701
0.322421 1.87457e-05 0.946597 0
0.946597 -9.07481e-05 -0.322421 0
7.96914e-05 1 -4.71175e-05 0
2.35395 0.780833 -0.000367462
0.000613275 -0.00127204 3.16541
10
7.23589 0.689454 -9.93013
0.994225 1.88313e-05 0.107317 0
0.107317 -9.05537e-05 -0.994225 0
-9.01148e-06 1 -9.20517e-05 0
1.23742 0.0599676 -0.000634885
4.45947e-05 0.00102005 -4.51696
11
7.48327 0.586715 -10.0601
0.769486 1.88649e-05 -0.638664 0
-0.638664 -9.08151e-05 -0.769486 0
-7.24494e-05 1 -5.78463e-05 0
2.74801 1.32798 0.00386866
0.00265966 -0.00010241 0.940782
12
7.18564 0.262132 -9.92016
0.93823 1.84625e-05 -0.346013 0
-0.346013 -9.04649e-05 -0.93823 0
-4.86225e-05 1 -7.84881e-05 0
0.119276 -0.00440533 -0.000183925
-0.00244752 0.000949403 -0.503252
13
7.38033 0.362259 -10.0502
0.889959 0.456041 1.8648e-05 0
-0.456041 0.889959 -9.07517e-05 0
-5.79825e-05 7.2261e-05 1 0
2.95345 1.22211 -0.00122183
-0.000640319 -0.00280655 0.760277
14
7.16616 0.024751 -9.91018
1 -5.5695e-05 1.9066e-05 0
5.56967e-05 1 -9.11399e-05 0
-1.9061e-05 9.1141e-05 1 0
0.00645478 0.0216233 0.000182834
0.0102714 -0.00338709 -0.254632
15
7.54019 1.08898 -10.0701
0.213538 -0.976935 1.97426e-05 0
0.976935 0.213538 -9.08405e-05 0
8.45294e-05 3.86851e-05 1 0
2.0567 0.196655 0.000418426
-0.000124382 -0.000863054 0.0405679
16
7.56102 1.10347 -9.78009
0.154995 -0.987915 1.92594e-05 0
0.987915 0.154995 -9.09963e-05 0
8.69115e-05 3.31306e-05 1 0
2.21038 0.314821 0.00408981
-0.00193974 -0.00890151 0.530179
1 0 0
300 30
0.0455327
1 0 0
300 30
-0.00237139
1 0.1 0
100 30
0.261963
1 -0.1 0
100 30
-0.206991
1 -1.7 0
100 30
-0.0423236
1 -1.7 0
100 30
-0.0464421
0 0 0
0 0
-3.26889
0 0 0
0 0
4.41504
1 2.18 0
300 30
2.22307
1 0.05 0
300 30
-4.01762
1 -0.2 0
300 30
0.171009
1 -0.27 0
300 30
-0.250375
1 0 0
300 30
-0.117547
1 0 0
300 30
-0.219024
1 0 0
5 3
-0.0303802
1 0 0
5 3
-0.0374337
