0.380499 0.949648 -9.98529
0.380425 0.949664 -9.98529
8.9407 -11.9209 0
0.743717 -0.162721 0
0
0.378682 0.980169 -9.99001
0.999525 0.00012676 -0.030833 0
-0.030833 -3.50098e-05 -0.999525 0
-0.000127777 1 -3.10848e-05 0
0.782 -0.16645 0.00029872
-0.00851779 -0.00188574 -0.497177
1
0.379169 1.26314 -9.98
1 0.000126661 0.000644598 0
0.000644603 -3.64259e-05 -1 0
-0.000126638 1 -3.65075e-05 0
0.94759 -0.161164 -0.000200932
-0.00660212 -0.00116885 -0.613154
2
0.373889 0.886313 -10
0.997339 0.000126932 -0.072909 0
-0.072909 -3.51054e-05 -0.997339 0
-0.000129152 1 -2.57576e-05 0
0.729379 -0.165366 0.00018764
0.00260308 -0.00230386 -0.626236
3
0.378089 1.66414 -9.95998
0.999979 0.000128442 0.00652007 0
0.00652008 -3.66782e-05 -0.999979 0
-0.000128201 1 -3.75149e-05 0
1.14386 -0.166119 -0.0037559
0.011868 0.00330425 -0.383399
4
0.37801 1.51014 -9.96999
1 0.000125724 0.000645393 0
0.000645398 -3.74992e-05 -1 0
-0.0001257 1 -3.75804e-05 0
1.08848 -0.163404 -0.00111858
-0.0100658 -0.00138669 -0.604277
5
0.388097 1.2834 -10.08
0.997507 0.000125524 0.0705613 0
0.0705613 -3.61558e-05 -0.997508 0
-0.00012267 1 -4.49232e-05 0
0.738199 -0.172563 -0.000101118
-0.00576486 0.0112524 -2.6372
6
0.365638 1.28396 -9.88
0.99446 0.000125907 -0.105118 0
-0.105118 -3.88115e-05 -0.99446 0
-0.000129286 1 -2.53615e-05 0
0.760136 -0.0920025 -0.000887427
-0.0407616 0.00263816 -2.49362
7
0.440462 1.002 -10.075
0.938156 0.000126347 0.346213 0
0.346213 -3.30526e-05 -0.938156 0
-0.000107139 1 -7.4761e-05 0
1.0294 0.107178 -0.000667453
0.0170224 0.00216674 7.51425
8
0.335501 0.996533 -9.83
0.994675 0.000122275 -0.103063 0
-0.103063 -4.19419e-05 -0.994675 0
-0.000125937 1 -2.91171e-05 0
1.12982 -0.0651855 0.00905468
-0.0743751 0.0413105 7.42218
9
0.288903 0.673029 -10.07
0.909446 0.000127748 -0.415822 0
-0.415822 -3.2749e-05 -0.909446 0
-0.000129789 1 2.33389e-05 0
0.560066 -0.0965225 0.000104893
0.00422015 0.00460633 -0.823729
10
0.481387 0.687222 -9.93003
0.849099 0.000127047 0.528233 0
0.528233 -3.56212e-05 -0.8491 0
-8.91089e-05 1 -9.73716e-05 0
0.616198 -0.225845 0.000734921
-0.00254211 -0.00487217 -0.557758
11
0.105527 0.271964 -10.06
0.909446 0.000126496 -0.415822 0
-0.415822 -2.98247e-05 -0.909446 0
-0.00012742 1 2.54735e-05 0
0.230505 0.0542186 -0.00108176
0.00276295 -0.00659086 -0.818947
12
0.63249 0.281872 -9.92007
0.98925 0.000127219 0.146235 0
0.146235 -3.55854e-05 -0.98925 0
-0.000120647 1 -5.38062e-05 0
0.391518 -0.309676 0.00254327
-0.00401861 -0.00305558 -0.550284
13
0.0672736 0.0342053 -10.05
0.993337 0.115247 0.000127015 0
-0.115247 0.993337 -1.53426e-05 0
-0.000127936 6.02243e-07 1 0
0.032264 0.0795701 -0.000253375
-0.0441322 -0.00366803 -0.918671
14
0.730956 0.0539385 -9.91009
0.941158 -0.337967 0.000127337 0
0.337967 0.941158 -3.58192e-05 0
-0.000107738 7.67471e-05 1 0
0.266356 -0.364 0.00363532
-0.0029438 -0.000872636 -0.5513
15
0.530265 0.836208 -10.07
0.64692 -0.762558 0.000121133 0
0.762558 0.64692 -3.40095e-05 0
-5.2429e-05 0.000114372 1 0
0.780435 -0.941057 -0.0103392
0.00647774 0.0551177 -30.9399
16
0.341362 0.80742 -9.78001
0.928087 -0.372364 0.000119699 0
0.372364 0.928087 -3.65524e-05 0
-9.74804e-05 7.84955e-05 1 0
0.428888 -0.833756 0.00922279
-0.0242726 0.0699559 -30.7
1 0 0
300 30
0.223648
1 0 0
300 30
-0.00512269
1 -0.1 0
100 30
-2.01298
1 0.1 0
100 30
-1.86314
1 -0.3 0
100 30
10.1289
1 0 0
100 30
10.0163
1 0.4 0
200 90
0.241845
1 -0.7 0
300 30
-0.0124905
1 0.05 0
300 30
0.0153484
1 0.4 0
300 30
-0.0098623
1 0 0
300 30
0.11187
1 -0.2 0
300 30
0.00308198
1 0 0
600 30
-0.199731
1 0 0
600 30
0.0492983
1 0 0
300 30
-38.4617
1 0 0
300 30
-38.2284
