8.44269 0.955237 -9.98801
8.44258 0.955276 -9.98801
95.3674 23.8419 0
1.13964 -0.394583 0
0
8.44636 0.990563 -9.9928
0.999482 0.000147035 0.032178 0
0.0321777 0.00190508 -0.99948 0
-0.000208262 0.999998 0.00189936 0
1.60422 -0.248761 0.00113665
-0.0123049 0.000888395 0.595845
1
8.43533 1.27337 -9.98334
0.999343 0.000147304 0.0362331 0
0.0362327 0.00190365 -0.999342 0
-0.000216184 0.999998 0.00189706 0
1.40283 -0.256477 -7.22879e-05
-0.000294744 -0.000716603 0.733687
2
8.44888 0.89658 -10.0026
0.999779 0.000146935 0.0210306 0
0.0210303 0.00190682 -0.999777 0
-0.000187006 0.999998 0.00190331 0
1.64782 -0.247495 0.00143981
-0.010378 -0.000266192 0.405171
3
8.42101 1.67415 -9.9641
0.999396 0.000147583 0.0347494 0
0.0347491 0.00190427 -0.999394 0
-0.00021367 0.999998 0.00189799 0
1.10995 -0.267164 -0.00283995
-0.0103079 -0.000715358 0.727951
4
8.42538 1.52019 -9.97381
0.999343 0.000147218 0.0362329 0
0.0362326 0.00190419 -0.999342 0
-0.000216119 0.999998 0.0018976 0
1.22194 -0.264566 -0.000868951
-0.0117007 -0.000781122 0.730459
5
8.41385 1.29426 -10.0834
0.992049 0.00014732 -0.125853 0
-0.125853 0.00190371 -0.992047 0
9.34601e-05 0.999998 0.00190712 0
1.30248 -0.261455 -0.000286422
-0.000424357 -0.00109408 0.066264
6
8.45175 1.29519 -9.88338
0.985441 0.000147142 0.170018 0
0.170017 0.00190372 -0.985439 0
-0.000468671 0.999998 0.00185099 0
1.42577 -0.238028 -0.000248645
-0.000220064 -0.000316805 1.04376
7
8.38814 1.00671 -10.0778
0.999424 0.000147333 -0.033943 0
-0.0339432 0.00190362 -0.999422 0
-8.26288e-05 0.999998 0.00190752 0
1.27246 -0.261619 -8.71586e-05
-0.0015456 -0.00260444 -0.316023
8
8.53296 1.02101 -9.83287
0.894807 0.00014706 0.446452 0
0.446451 0.00190401 -0.894806 0
-0.000981688 0.999998 0.00163805 0
1.73988 -0.138948 -0.000239981
-0.00157526 0.00526481 1.31197
9
8.5415 0.687391 -10.0722
0.896792 0.000146762 0.442451 0
0.44245 0.00190783 -0.896791 0
-0.000975817 0.999998 0.00164598 0
0.261328 -0.952847 0.00422351
-0.00051316 -0.0186557 -7.65381
10
8.39674 0.672642 -9.93219
0.963444 0.00014706 -0.26791 0
-0.267909 0.00190879 -0.963442 0
0.000369743 0.999998 0.0018784 0
1.54185 -0.21631 0.000514938
-0.00107251 -0.00515869 -0.585784
11
8.59321 0.273927 -10.0615
0.974295 0.000146195 -0.225278 0
-0.225278 0.00190758 -0.974293 0
0.000287294 0.999998 0.00189148 0
-0.879306 -1.79635 0.00642841
-0.00093471 0.00788028 1.95217
12
8.23663 0.263896 -9.92138
0.886696 0.000147358 -0.462353 0
-0.462352 0.00190887 -0.886694 0
0.000751927 0.999998 0.00176071 0
0.823867 0.12334 4.14074e-05
0.000914255 -0.00272266 -3.09891
13
8.60181 0.0265332 -10.051
0.999841 0.0178131 0.000147065 0
-0.0178133 0.999839 0.00190713 0
-0.000113069 -0.00190944 0.999998 0
-0.396633 -1.78492 0.00594138
0.00465995 0.0118938 1.87341
14
8.18796 0.0329831 -9.91093
0.995535 0.0943943 0.00014452 0
-0.0943944 0.995533 0.00191021 0
3.64393e-05 -0.00191533 0.999998 0
0.105544 0.27169 -0.000430554
0.0132246 0.000910803 -3.13644
15
8.37769 0.811956 -10.0725
0.998867 0.047584 0.000147307 0
-0.0475842 0.998865 0.00190361 0
-5.65587e-05 -0.00190846 0.999998 0
1.20678 -0.258024 0.000243974
-0.00183099 -0.00250556 -0.459453
16
8.61634 0.844764 -9.78255
0.902909 -0.429832 0.000147123 0
0.429831 0.902907 0.00190403 0
-0.000951252 -0.00165593 0.999998 0
1.96586 -0.0322077 -0.000196139
-0.00184649 0.00120638 1.21862
1 0 0
300 30
0.00200325
1 0 0
300 30
-0.0046972
1 0.3 0
100 30
0.650636
1 -0.3 0
100 30
-0.304464
1 0 0
100 30
0.41865
1 -0.4 0
100 30
-0.27248
0 0.2 0
300 30
8.00876
0 -0.1 0
300 30
0.92679
1 0.05 0
300 30
-9.64123
1 0.1 0
300 30
2.53155
1 -0.2 0
300 30
0.0732452
1 -0.2 0
300 30
0.0395415
1 0 0
600 60
-0.0939286
1 0 0
600 60
-0.28886
1 0 0
5 3
0.0655596
1 0 0
5 3
0.0512253
