0.288488 1.17597 -9.98528
0.288487 1.17597 -9.98528
-2.98023 35.7628 0
0.0025332 -0.00178814 0
0
0.284128 1.22107 -9.99
0.998466 3.94154e-05 -0.055361 0
-0.055361 -8.71206e-06 -0.998467 0
-3.98252e-05 1 -6.51693e-06 0
0.0118604 -0.000419197 -0.000672641
0.000122195 0.00030535 -0.0344654
1
0.298974 1.50368 -9.98
0.998423 3.92329e-05 -0.0561337 0
-0.0561337 -8.35862e-06 -0.998423 0
-3.96352e-05 1 -6.14329e-06 0
0.0254796 -0.00118649 -0.000450506
-4.35247e-05 -8.19756e-05 -0.0512705
2
0.279261 1.1272 -10
0.998855 3.93558e-05 -0.0478497 0
-0.0478497 -6.77211e-06 -0.998855 0
-3.96259e-05 1 -4.88141e-06 0
0.0100382 -0.00031744 -0.000921611
-0.00954246 0.00126999 -0.00866146
3
0.321512 1.90405 -9.96
0.998412 3.92385e-05 -0.0563255 0
-0.0563255 -8.69646e-06 -0.998413 0
-3.96557e-05 1 -6.47281e-06 0
0.046041 -0.00210566 -0.000282707
0.000878881 9.05411e-05 -0.0524844
4
0.311841 1.75035 -9.97
0.998423 3.92497e-05 -0.0561337 0
-0.0561337 -8.3592e-06 -0.998423 0
-3.96539e-05 1 -6.14283e-06 0
0.0381312 -0.00176057 -0.000381589
0.000309409 0.000284908 -0.0514195
5
0.300179 1.52365 -10.08
0.998461 3.92608e-05 -0.0554628 0
-0.0554628 -8.31537e-06 -0.998461 0
-3.9665e-05 1 -6.12496e-06 0
0.0263174 -0.00104244 -0.000468685
0.000200686 6.32339e-05 -0.0536073
6
0.300187 1.52365 -9.88
0.998461 3.9231e-05 -0.0554629 0
-0.0554629 -8.317e-06 -0.998461 0
-3.96334e-05 1 -6.12834e-06 0
0.0264211 -0.00102817 -0.000437648
0.000254393 0.000107909 -0.0528976
7
0.284167 1.23509 -10.075
0.998468 3.92683e-05 -0.0553233 0
-0.0553233 -8.49663e-06 -0.998469 0
-3.96688e-05 1 -6.31146e-06 0
0.0111951 -0.000381762 -0.000423089
-0.000693053 0.000515538 -0.0505577
8
0.284176 1.23509 -9.83
0.998468 3.9231e-05 -0.0553234 0
-0.0553234 -8.49855e-06 -0.998469 0
-3.96371e-05 1 -6.31524e-06 0
0.0111284 -0.000359039 -0.00051537
0.000615657 -0.000267534 -0.0519277
9
0.285086 0.896346 -10.07
0.999685 3.94741e-05 0.0250998 0
0.0250998 -6.76746e-06 -0.999685 0
-3.92944e-05 1 -7.75616e-06 0
-0.0964807 -0.00457479 -0.000732186
-0.00317228 0.00188136 -0.520311
10
0.271723 0.896317 -9.93001
0.999183 3.94061e-05 -0.0404266 0
-0.0404266 -7.15285e-06 -0.999183 0
-3.96594e-05 1 -5.55403e-06 0
0.00649673 -0.000553897 -0.0030397
-0.0115356 -0.000849659 -0.019611
11
0.270784 0.45611 -10.06
0.995678 3.95365e-05 -0.0928693 0
-0.0928693 -6.91623e-06 -0.995678 0
-3.99984e-05 1 -3.21539e-06 0
-0.071463 -0.0185252 0.000312923
-0.00296535 0.00282851 0.665431
12
0.253896 0.455679 -9.92001
0.999183 4.08404e-05 -0.0404252 0
-0.0404252 -7.15331e-06 -0.999183 0
-4.10918e-05 1 -5.49658e-06 0
0.00114895 -0.000154863 0.00244828
-0.0117643 -0.0100027 -0.00243026
13
0.311024 0.204966 -10.05
0.999963 -0.00857069 3.95332e-05 0
0.00857069 0.999963 -6.88665e-06 0
-3.94728e-05 7.22522e-06 1 0
0.0913241 -0.00878098 0.000897751
-0.00336399 0.00246389 0.400651
14
0.306359 0.202994 -9.91001
1 -1.64631e-06 3.96772e-05 0
1.64631e-06 1 1.38226e-07 0
-3.96772e-05 -1.38161e-07 1 0
0.00011432 -0.000321411 0.000971629
-0.000368184 -0.000372327 -0.00509638
15
0.270389 1.04056 -10.07
0.998474 0.0552269 3.92861e-05 0
-0.0552269 0.998474 -8.4572e-06 0
-3.96932e-05 6.27464e-06 1 0
0.00107475 0.00143211 -0.000292256
-0.000270987 0.000545741 -0.0527649
16
0.270401 1.04055 -9.78
0.998474 0.055227 3.91935e-05 0
-0.055227 0.998474 -8.51665e-06 0
-3.9604e-05 6.33911e-06 1 0
0.00109937 0.000888568 -0.000586336
-3.85586e-05 2.69865e-05 -0.0545095
1 0 0
1000 100
0.00140694
1 0 0
1000 100
1.04606e-05
1 -9.03383e-08 0
1000 100
0.000570402
1 -9.03383e-08 0
1000 100
0.00190426
1 0 0
1000 100
0.00169713
1 0 0
1000 100
-0.000113577
1 -0.0230858 0
1000 100
0.516142
1 -4.36902e-05 0
1000 100
0.00543971
1 5.45979e-05 0
1000 100
-1.18507
1 6.22272e-05 0
1000 100
0.0042634
1 -0.075588 0
1000 100
0.268566
1 0 0
1000 100
-0.0149551
1 0 0
600 60
0.0115284
1 0 0
600 10
0.0360046
1 0 0
100 10
-0.00151909
1 0 0
100 10
-1.06096e-05
