2.64388 0.956075 -9.98533
2.64377 0.956114 -9.98533
143.051 5.96046 0
1.11341 -0.38892 0
0
2.64759 0.991591 -9.99005
0.999477 2.64645e-05 0.0323405 0
0.0323405 -9.26994e-05 -0.999477 0
-2.34544e-05 1 -9.35069e-05 0
1.578 -0.244836 -0.000665057
-0.00038166 -0.0021656 0.585262
1
2.63648 1.27437 -9.98002
0.999332 2.78689e-05 0.0365437 0
0.0365437 -9.29296e-05 -0.999332 0
-2.44565e-05 1 -9.3886e-05 0
1.38094 -0.252573 -0.00034805
2.85898e-05 1.85232e-05 0.723136
2
2.65013 0.897628 -10.0001
0.999779 2.66843e-05 0.0210217 0
0.0210217 -9.2458e-05 -0.999779 0
-2.47341e-05 1 -9.29985e-05 0
1.6212 -0.243692 -0.00101028
0.00285025 0.00358489 0.32078
3
2.62202 1.67511 -9.95998
0.999383 2.78987e-05 0.0351104 0
0.0351104 -9.50318e-05 -0.999384 0
-2.45478e-05 1 -9.59528e-05 0
1.09073 -0.262874 -0.00458584
0.00317592 -0.000333035 0.716752
4
2.62645 1.52117 -9.97
0.999332 2.7718e-05 0.0365443 0
0.0365443 -9.30632e-05 -0.999332 0
-2.43019e-05 1 -9.4014e-05 0
1.20242 -0.259461 -0.000381919
-0.0111868 -0.002978 0.730023
5
2.61497 1.29546 -10.08
0.992052 2.77013e-05 -0.125828 0
-0.125828 -9.29954e-05 -0.992052 0
-3.91752e-05 1 -8.87713e-05 0
1.28016 -0.256593 -0.00033607
-0.000326674 -0.00150063 0.0482896
6
2.65289 1.296 -9.88002
0.985381 2.77534e-05 0.170363 0
0.170363 -9.29944e-05 -0.985381 0
-1.15111e-05 1 -9.63644e-05 0
1.40378 -0.233892 -0.000585885
-0.000220495 0.000919709 1.03042
7
2.58925 1.0079 -10.075
0.99942 2.76752e-05 -0.0340605 0
-0.0340605 -9.3023e-05 -0.99942 0
-3.08193e-05 1 -9.20266e-05 0
1.25042 -0.256329 -0.000286847
-7.53053e-05 -0.00143137 -0.33705
8
2.7342 1.02175 -9.83005
0.894613 2.9102e-05 0.446843 0
0.446843 -9.28119e-05 -0.894613 0
1.54078e-05 1 -9.60454e-05 0
1.71573 -0.136124 0.00382978
0.00116338 0.000748183 1.30349
9
2.7419 0.688154 -10.0701
0.898834 2.57641e-05 0.438288 0
0.438288 -9.22009e-05 -0.898834 0
1.7181e-05 1 -9.41828e-05 0
0.242065 -0.937765 -0.000737738
-0.00257354 -0.000899185 -7.60574
10
2.59888 0.673308 -9.93008
0.964672 2.55704e-05 -0.263454 0
-0.263454 -9.28976e-05 -0.964672 0
-4.91142e-05 1 -8.28821e-05 0
1.5153 -0.213066 -0.000810974
-0.00336026 -0.00428753 -0.585725
11
2.79167 0.274441 -10.0601
0.973204 2.60249e-05 -0.229943 0
-0.229943 -9.25278e-05 -0.973204 0
-4.65736e-05 1 -8.40686e-05 0
-0.892908 -1.77217 -0.00015447
-0.000193215 -0.00149044 1.98364
12
2.44063 0.26382 -9.92011
0.888755 2.37674e-05 -0.458382 0
-0.458382 -9.26703e-05 -0.888755 0
-6.35684e-05 1 -7.14771e-05 0
0.804054 0.117465 0.000346506
0.000797707 0.00997966 -3.04308
13
2.79908 0.0269921 -10.0501
0.999746 0.022546 2.56446e-05 0
-0.022546 0.999746 -9.24793e-05 0
-2.77231e-05 9.18776e-05 1 0
-0.402601 -1.76283 0.00025346
-0.001236 -0.00630905 1.90231
14
2.39299 0.032636 -9.91013
0.995897 0.0904945 2.33548e-05 0
-0.0904945 0.995897 -9.19657e-05 0
-3.15814e-05 8.94749e-05 1 0
0.101369 0.263 0.000556239
0.00731378 0.0130521 -3.03506
15
2.57874 0.81314 -10.0701
0.998835 0.0482575 2.76742e-05 0
-0.0482575 0.998835 -9.29749e-05 0
-3.21287e-05 9.15311e-05 1 0
1.18078 -0.25266 -0.000275378
8.73873e-05 -0.00126171 -0.401921
16
2.81762 0.845431 -9.78007
0.902939 -0.429768 2.86398e-05 0
0.429768 0.902939 -9.364e-05 0
1.43835e-05 9.68597e-05 1 0
1.94087 -0.029207 0.00332094
0.00200007 0.00438511 1.23943
1 0 0
300 30
0.00313908
1 0 0
300 30
0.00110471
1 0.3 0
100 30
0.676262
1 -0.3 0
100 30
-0.308629
1 0 0
100 30
0.379865
1 -0.4 0
100 30
-0.269073
0 0 0
0 0
7.91754
0 0 0
0 0
0.891465
1 0.05 0
300 30
-9.61073
1 0.1 0
300 30
2.46967
1 -0.2 0
300 30
0.0811023
1 -0.2 0
300 30
-0.0221972
1 0 0
600 60
-0.140862
1 0 0
600 60
-0.267907
1 0 0
5 3
0.0809537
1 0 0
5 3
0.0591435
